2020-10-24,但是他赢得了自由啊
2020-10-24,已经被感染了
2020-10-24,死亡22万了
2020-10-24,800万了
2020-10-24,说得非常好！
2020-10-24,人才
2020-10-24,预言家
2020-10-24,我们每次要开心反正就是利用而已
2020-10-24,说得太好了
2020-10-24,牛逼
2020-10-24,说的很到位
2020-10-24,他已经感染了
2020-10-24,明白人啊
2020-10-24,回来考古。预言家
2020-10-24,精美愤怒
2020-10-24,真·感染了
2020-10-24,荷兰滚吧
2020-10-24,嘴炮王者
2020-10-24,带预言家
2020-10-24,现在已经感染了
2020-10-24,带预言家
2020-10-24,咱们真正做到制度自信
2020-10-24,大预言家！
2020-10-24,别说！真被感染了
2020-10-24,老特自己都中了
2020-10-24,已经感染
2020-10-24,已经感染了
2020-10-24,已经感染了
2020-10-24,十月份回来他们总统感染了
2020-10-24,美国太自由了
2020-10-24,全场唯一真预言家
2020-10-24,哈哈哈他现在已经感染了
2020-10-24,感染了，哈哈哈
2020-10-24,现在感染了
2020-10-24,预言家哈哈哈，，
2020-10-24,大预言家
2020-10-24,他检测新冠阳性了，哈哈
2020-10-24,带预言家
2020-10-24,自己都得新冠了
2020-10-24,厉害
2020-10-24,美国自己都抗不过去了，哈哈
2020-10-24,这是真懂啊
2020-10-24,champ，翻译为流浪汉
2020-10-24,保护
2020-10-24,别发问号了，这是友军
2020-10-24,事实来证明
2020-10-24,说得对
2020-10-24,大国风范！
2020-10-24,因为他们觉得美国没有义务人道主义援助他们，但中国有他们觉得这个时候就该你中国来救助我们
2020-10-24,现在都自顾不暇啦。
2020-10-24,说得好！
2020-10-24,保护
2020-10-24,妙啊
2020-10-24,大自然，太妙了这比喻
2020-10-24,三观正
2020-10-24,今年经历的事，从未如此觉得自豪，我大中国
2020-10-24,反手他们说是中国应该的。。唉
2020-10-24,纸老虎
2020-10-24,美国不允许这么牛逼的人存在
2020-10-24,牛啊
2020-10-24,哈哈哈
2020-10-24,660
2020-10-24,保护
2020-10-24,谁说制度不能说好坏？前面某弹幕你仔细思考一下
2020-10-24,制度自信
2020-10-24,友军
2020-10-24,瞎说啥大实话
2020-10-24,智贤姐姐的节目
2020-10-24,优秀
2020-10-24,保护
2020-10-24,2020.8月美国死了17万了
2020-10-24,事实证明，拌嘴和干实事是有差距的
2020-10-24,保护
2020-10-24,保护
2020-10-24,明白人
2020-10-24,保护
2020-10-24,hhhhh
2020-10-24,笑死我了哈哈哈哈
2020-10-24,战忽局加鸡腿
2020-10-24,hhhhh
2020-10-24,保护
2020-10-24,保护
2020-10-24,保护
2020-10-24,保护
2020-10-24,战忽局落泪：大哥别念了
2020-10-24,自由就完事了
2020-10-24,小心被利用
2020-10-24,病毒也要死很多人啊
2020-10-24,老二不是印度吗
2020-10-24,？？？
2020-10-24,这就是命
2020-10-24,保护
2020-10-24,他们绝对保护公民任何权利，所以不能搜查任何个人信息。
2020-10-24,战忽局提示
2020-10-24,战忽局注意
2020-10-24,保护
2020-10-24,保护
2020-10-24,对
2020-10-24,董大爷：你大爷的
2020-10-24,河南一直以来都是是我国领土不可分割的一部分，请这位同志不要乱说（警觉）
2020-10-24,大家把明白人打在弹幕上！！！
2020-10-24,支持
2020-10-24,体制问题啊，同学们，体制问题啊
2020-10-24,保护
2020-10-24,说得好
2020-10-24,明白人
2020-10-24,明白人
2020-10-24,明白人
2020-10-24,保护
2020-10-24,推特治国
2020-10-24,保护
2020-10-24,保护
2020-10-24,美国日增几万
2020-10-24,老天给了一个作业
2020-10-24,保护
2020-10-24,说过的太对了
2020-10-24,明辨是非
2020-10-24,哈哈哈哈哈哈
2020-10-24,保护
2020-10-24,明白人儿
2020-10-24,美国自顾不暇了
2020-10-24,厉害
2020-10-24,美国500万了
2020-10-24,美国人应该读一读纪念白求恩
2020-10-24,夜问打权是友军
2020-10-24,他做不到！
2020-10-24,因为——自由（讽刺）
2020-10-24,推特治国
2020-10-24,河南不需要求援
2020-10-24,因为美国可能只给一点点物资，估计还会搞砸
2020-10-24,上一个被称为老大哥的已经挂了
2020-10-24,是找了人家不搭理
2020-10-24,指美国=大便局
2020-10-24,指美国=大便局
2020-10-24,美国自己都管不了了，还管别人
2020-10-24,天命在我中华！！！
2020-10-24,保护
2020-10-24,美国都自身难保了吧
2020-10-24,？？？
2020-10-24,真话，实情了。
2020-10-24,保护
2020-10-24,找美国支援新冠患者吗。。
2020-10-24,找美国？那不是本来就知道会碰壁还一头往哪儿撞吗
2020-10-24,这倒真是实话
2020-10-24,庆幸生在中土
2020-10-24,美国自身都难保了，谁找他啊
2020-10-24,事实胜于雄辩
2020-10-24,保护
2020-10-24,西方是自♂由的
2020-10-24,老大哥500万了，世界第一
2020-10-24,我们班主任还在捧美爹
2020-10-24,牛
2020-10-24,美利坚自由太傻了
2020-10-24,好啊，明白人
2020-10-24,保护
2020-10-24,懂爷
2020-10-24,hhhhhhhhhhhhhh
2020-10-24,恶劣的美国
2020-10-24,美国470万了
2020-10-24,明白人啊
2020-10-24,老美狠起来连自己都打
2020-10-24,哈哈
2020-10-24,美国不卖你就不错了
2020-10-24,老大哥都快不行了。。。。。。
2020-10-24,明白人
2020-10-24,中国加油
2020-10-24,对，老天测人心。
2020-10-24,苦美久矣
2020-10-24,保护
2020-10-24,保护
2020-10-24,他做不到是一回事，他也根本没想做
2020-10-24,一切问题的根本都是制度问题
2020-10-24,大哥自己也保不住自己
2020-10-24,优秀
2020-10-24,有人找美国自私自利不帮也没那个能力
2020-10-24,对比不好吗还说PK
2020-10-24,制度自信
2020-10-24,保护
2020-10-24,荷兰把光刻机寄出来
2020-10-24,400w了
2020-10-24,夜问打权？这节目……
2020-10-24,保护
2020-10-24,保护
2020-10-24,真相了
2020-10-24,米帝不来抢你们就不错了
2020-10-24,战忽局呢?出来干活了
2020-10-24,这个人懂的太多了不能留
2020-10-24,妙啊
2020-10-24,妙啊
2020-10-24,妙啊
2020-10-24,保护
2020-10-24,妙啊
2020-10-24,保护
2020-10-24,灯塔似乎不怎么亮了
2020-10-24,别别别
2020-10-24,可以
2020-10-24,哈哈哈
2020-10-24,推特
2020-10-24,自己人
2020-10-24,保护
2020-10-24,推特治国hhh
2020-10-24,什么叫集中力量办大事啊！
2020-10-24,保护
2020-10-24,自由万岁！然后就没然后了
2020-10-24,这是真的坠了
2020-10-24,？我们什么时候成老大哥了
2020-10-24,他们自私自利
2020-10-24,明白人
2020-10-24,因为中国nb
2020-10-24,保护
2020-10-24,嘴上说你中国不行，身体却很诚实
2020-10-24,根本就不是制度的锅。。。
2020-10-24,谁敢找美国谁有资格找？
2020-10-24,確定
2020-10-24,就是被。
2020-10-24,閉嘴。
2020-10-24,意大利是白眼狼
2020-10-24,说的好
2020-10-24,有人性!
2020-10-24,中国为什么要叫大陆？
2020-10-24,战忽局，你们干什么吃的？！！！
2020-10-24,保护
2020-10-24,马云捐了一堆检测盒
2020-10-24,妙
2020-10-24,实践是检验真理的唯一标准
2020-10-24,时间是检验真理的唯一标准
2020-10-24,爷爷是个明白人
2020-10-24,保护
2020-10-24,说得好多说点
2020-10-24,老大哥都快gg了
2020-10-24,这是为什么呢？
2020-10-24,这是为什么呢？
2020-10-24,哈哈哈哈哈哈
2020-10-24,这个老大哥也快了，而且他不配叫老大哥
2020-10-24,说的太对了！
2020-10-24,实践是检验真理的唯一途径
2020-10-24,做人不能太美国
2020-10-24,保护
2020-10-24,哈哈哈哈哈哈哈哈哈哈
2020-10-24,300百万了！！！
2020-10-24,美国300W了现在
2020-10-24,这个观点好
2020-10-24,美国死了13w了
2020-10-24,不是制度不同原因，是东西方文化的不同
2020-10-24,美国也死了很多人，hh
2020-10-24,说的对，很简单就看得出来
2020-10-24,保护
2020-10-24,欧盟没人帮助啊
2020-10-24,找了，没人帮忙啊
2020-10-24,事件是检验真理的唯一标准
2020-10-24,明白人
2020-10-24,他做不到呀
2020-10-24,一听就是友军
2020-10-24,妙啊
2020-10-24,为什么没人找？你找他会帮吗？
2020-10-24,不用拼，事件会证明
2020-10-24,真实了
2020-10-24,保护
2020-10-24,天选？
2020-10-24,美国对各州控制力很弱
2020-10-24,实用主义
2020-10-24,美国人不好骗
2020-10-24,他做不到！
2020-10-24,川普
2020-10-24,对
2020-10-24,台湾省去吧
2020-10-24,河南没有
2020-10-24,因为老大哥病危了
2020-10-24,实践是检验真理的唯一标准
2020-10-24,冰岛关闭了港口
2020-10-24,事实胜于雄辩
2020-10-24,真实了
2020-10-24,说得真好
2020-10-24,依然有文明底蕴问题，他们没那个骨气
2020-10-24,台湾很喜欢加所谓的
2020-10-24,防控跟社会制度有任何的关系吗
2020-10-24,推特治国
2020-10-24,肯定先救河南
2020-10-24,自顾不暇美国
2020-10-24,保护
2020-10-24,哈哈大自然很微妙
2020-10-24,明白人
2020-10-24,保护我方输出
2020-10-24,泥菩萨过江自身难保了
2020-10-24,自顾不暇哈哈哈哈哈
2020-10-24,川普？哈哈哈
2020-10-24,实践出真知，棒！
2020-10-24,战忽局一年白干……
2020-10-24,这是网络在线播放的，谢谢
2020-10-24,6月26日，美国200多万
2020-10-24,明白人
2020-10-24,为啥要去找个自己都发霉了的水果去霉？
2020-10-24,231万
2020-10-24,保护
2020-10-24,没抢就不错了！
2020-10-24,666
2020-10-24,我只需要懂就行了，不需要做到
2020-10-24,Hahahaha太直白了
2020-10-24,现在他们也死了很多人
2020-10-24,夜问打权？
2020-10-24,保护
2020-10-24,唉很微妙
2020-10-24,给荷兰屁吃
2020-10-24,自身难保
2020-10-24,这个人不能留，乃伊组特
2020-10-24,太妙了
2020-10-24,大自然很微妙
2020-10-24,很对
2020-10-24,秒啊
2020-10-24,哈哈哈哈哈哈哈
2020-10-24,白宫后生仔
2020-10-24,人家找美国，没用。美国也缺
2020-10-24,美国：不检测就不会有新病例
2020-10-24,事实胜于雄辩
2020-10-24,不要他们的
2020-10-24,说的好
2020-10-24,我方输出MAX
2020-10-24,精妙
2020-10-24,保护
2020-10-24,妙啊
2020-10-24,台湾还是有明白人
2020-10-24,保护
2020-10-24,666
2020-10-24,美国是最惨那个，全球都知道
2020-10-24,接着忽悠
2020-10-24,世界第一
2020-10-24,保护
2020-10-24,扶沟没有
2020-10-24,尼德兰
2020-10-24,修昔底德陷阱
2020-10-24,老美都病了
2020-10-24,保护
2020-10-24,战忽局出动
2020-10-24,保护保护
2020-10-24,我觉得和制度没关系，和国家的战略眼光以及外交手段和眼光有关系
2020-10-24,川普:管我啥事呀
2020-10-24,川普是个天选之子。
2020-10-24,自由就完了
2020-10-24,自由就完了
2020-10-24,老马都学的不错啊哈哈
2020-10-24,说的太对了
2020-10-24,老了，看不得这个
2020-10-24,保护
2020-10-24,台湾少有的明白人啊
2020-10-24,经过认证的川普，我笑了
2020-10-24,看穿了美国优先
2020-10-24,美国:自由
2020-10-24,事实胜于雄辩
2020-10-24,找美国不要劫物资吗？
2020-10-24,这次真的讲的特好！一针见血
2020-10-24,美：我tm自顾不暇
2020-10-24,美国都差点灭了
2020-10-24,特朗普：我让世界免于平静，你们全都要感谢我！！！
2020-10-24,这个死了蛮多人
2020-10-24,美国自己都是泥菩萨过河
2020-10-24,保护
2020-10-24,这个人安排一下
2020-10-24,大便局
2020-10-24,保护
2020-10-24,哈哈哈哈哈
2020-10-24,保护
2020-10-24,保护
2020-10-24,确实
2020-10-24,找的……那……都不是人呗……
2020-10-24,米国140多万了
2020-10-24,川普那政治素养连我这的镇长都不如
2020-10-24,都是养不熟的狼
2020-10-24,讲的太好了！
2020-10-24,力有未逮
2020-10-24,保护
2020-10-24,（）
2020-10-24,好敢讲
2020-10-24,美国到处抢劫呢
2020-10-24,实践是认识的来源
2020-10-24,度天劫可还行
2020-10-24,保护
2020-10-24,保护
2020-10-24,叶老师讲得漂亮！！每一句都在点子上！
2020-10-24,漂亮漂亮
2020-10-24,台湾战忽局长
2020-10-24,妙
2020-10-24,你就这么骂我间谍的嘛
2020-10-24,保护
2020-10-24,他做不到啊！！！
2020-10-24,或许你想要封锁保护吗哈哈
2020-10-24,坏同志，哈哈哈
2020-10-24,美国就应该被病毒灭了
2020-10-24,美国它算个啥
2020-10-24,制度需要修修补补，其实制度没错，而是大脑的问题
2020-10-24,美国向来只要钱不掏钱
2020-10-24,早已看透美利坚
2020-10-24,有呀，加拿大找它了，它拒绝了
2020-10-24,保护
2020-10-24,支持湖南共青团
2020-10-24,等等，他刚刚说什么？美国什么都…不可怕?
2020-10-24,扛着飞机大炮来援助你
2020-10-24,自由
2020-10-24,全知全能川建国
2020-10-24,特普朗不是说了吗，英国首相问他要呼吸机
2020-10-24,良政劣政！
2020-10-24,看来这位同志平时看b站！
2020-10-24,保护
2020-10-24,保护
2020-10-24,保护
2020-10-24,明白人
2020-10-24,并不是西方人认可我们的制度，而是他们知道中国一定会答应他们的请求，这是中国人的特性
2020-10-24,大家别自大，中美差异还是非常大，美国科研很厉害
2020-10-24,希望冷静看待，只不过是
2020-10-24,老大哥都病了
2020-10-24,没人？
2020-10-24,保护
2020-10-24,考试
2020-10-24,找老米它不倒抢你？！
2020-10-24,美国都自身难保了
2020-10-24,找中国，只是中国人帮人要求的比较少
2020-10-24,保护
2020-10-24,川建国同志辛苦了
2020-10-24,美国都自身难保了
2020-10-24,不必！！
2020-10-24,河南(幻听)
2020-10-24,很有道理，真正的学者
2020-10-24,你老大哥还在当强盗呢
2020-10-24,说的好，优秀
2020-10-24,保护
2020-10-24,保护
2020-10-24,借您吉言
2020-10-24,生物大战
2020-10-24,秒啊
2020-10-24,中国加油，我永远支持你
2020-10-24,荷兰自生自灭去吧
2020-10-24,MAGA警告
2020-10-24,英国
2020-10-24,保护
2020-10-24,这个你们发挥不出来啊。。。
2020-10-24,天选之子
2020-10-24,因为我们可亲可敬，与人为善。
2020-10-24,保护我方川建国同志
2020-10-24,冲你的标题【台湾省】你币有了
2020-10-24,保护
2020-10-24,精准
2020-10-24,保护
2020-10-24,说得好
2020-10-24,太棒了
2020-10-24,明白人
2020-10-24,大自然
2020-10-24,意呆利
2020-10-24,太直观了太直观了
2020-10-24,保护
2020-10-24,精妙啊
2020-10-24,话糙理不糙。
2020-10-24,哈哈哈哈哈
2020-10-24,哈哈哈哈哈哈哈
2020-10-24,美国欺负弱小，现在大自然来报复了
2020-10-24,米国自己都快完了
2020-10-24,这个也死很多人，但是美帝死更多
2020-10-24,美帝医疗水平NO1，中国NO51，为什么都求中国，而不求美帝？为什么呢？？？
2020-10-24,黑天鹅
2020-10-24,他知道川普。。。哈哈哈
2020-10-24,保护
2020-10-24,老阴阳师了
2020-10-24,保护
2020-10-24,说得好
2020-10-24,在理
2020-10-24,精美震惊
2020-10-24,美帝都是纸老虎
2020-10-24,人性！
2020-10-24,别再说了，给我们战忽局的同志点面子
2020-10-24,河南？
2020-10-24,战忽局的同志们工作不到位啊！
2020-10-24,保护我方川建国
2020-10-24,祖国万岁！
2020-10-24,建国～
2020-10-24,自己都顾及不暇
2020-10-24,美国自身难保
2020-10-24,川普会不会是个精美！！！！！！！我的天呐，，细思极恐
2020-10-24,美国::我这儿一百多个国家的人，我咋支援，我超无奈¬_¬｀¬_¬｀
2020-10-24,美国不是也很严重吗，自己物资都不够
2020-10-24,我国安局已经出动，此人不能留，望战忽局守望相助，配合建国同志
2020-10-24,万胜
2020-10-24,哈哈哈哈
2020-10-24,保护
2020-10-24,来了我来看欧盟国家的超级赛亚人计划了l
2020-10-24,来了我来看欧盟国家的超级赛亚人计划了
2020-10-24,来了我来看欧盟国家的超级赛亚人计划了
2020-10-24,来了我来看欧盟国家的超级赛亚人计划了
2020-10-24,保护
2020-10-24,嗯，明白人
2020-10-24,明白人
2020-10-24,中国大陆！
2020-10-24,马云说：试剂盒不够？我来捐啊
2020-10-24,妙啊
2020-10-24,没人比我更懂病毒
2020-10-24,定体问
2020-10-24,老大哥
2020-10-24,保护
2020-10-24,哈哈
2020-10-24,众所周知，老大哥都是被坑的
2020-10-24,意大利永远站在胜利的一方
2020-10-24,川普也是你叫的吗？搞笑~！
2020-10-24,中国制度的好
2020-10-24,这个观点我还是不是很赞同，应为他们是最严重的一方啊
2020-10-24,中国帮过就翻脸不认人
2020-10-24,不慌
2020-10-24,何其有幸生于华夏
2020-10-24,真的感动
2020-10-24,保护
2020-10-24,保护
2020-10-24,他就是不想做啊
2020-10-24,美国：我tm自顾不暇
2020-10-24,战忽局何在？
2020-10-24,美国优先
2020-10-24,同志啊老大家里失火了
2020-10-24,川普：这就是人生
2020-10-24,为身为中国人而骄傲
2020-10-24,保护
2020-10-24,特离谱
2020-10-24,哈哈哈哈哈哈哈哈哈哈哈哈
2020-10-24,所以他说话
2020-10-24,这也是个考验
2020-10-24,保护
2020-10-24,对
2020-10-24,真实
2020-10-24,美国不行！！
2020-10-24,患难见真情！！
2020-10-24,制度不允许
2020-10-24,川普同志，慌了
2020-10-24,特不靠谱
2020-10-24,中国人民万岁
2020-10-24,实践是检验真理的唯一标准
2020-10-24,实践是检验真理的唯一标准
2020-10-24,保护
2020-10-24,荷兰去死
2020-10-24,荷兰衮淡
2020-10-24,说得好！
2020-10-24,实践是检验真理的唯一标准
2020-10-24,黄智贤夜问节目！
2020-10-24,自顾不暇喽
2020-10-24,川普做不到啊ԅ(¯﹃¯ԅ)
2020-10-24,妙啊
2020-10-24,出水才知两脚泥
2020-10-24,这位教授川普也知道
2020-10-24,川普，我差点笑喷了
2020-10-24,哈哈川普
2020-10-24,一针见血
2020-10-24,当局者迷？
2020-10-24,妙啊
2020-10-24,战忽局呢？？？？
2020-10-24,还望先生救我，老子都自身难保了...滚
2020-10-24,大自然一贯作风就是优胜劣汰！
2020-10-24,美国优先，谁敢和他玩
2020-10-24,稳住别浪
2020-10-24,说得好
2020-10-24,保护
2020-10-24,物竞天择，适者生存？
2020-10-24,红红火火恍恍惚惚
2020-10-24,川建国同志
2020-10-24,老大哥正难受呢
2020-10-24,妙呀
2020-10-24,强盗家遇险了，你会去找强盗头子求援？
2020-10-24,所谓发达国家，只是富人的天堂
2020-10-24,视频来源写错了，是黄智贤夜问
2020-10-24,呵呵，美国…算了吧…不捣乱就算好了
2020-10-24,他们都自顾不暇了
2020-10-24,说得好
2020-10-24,各有各的好处
2020-10-24,今天股票该看了
2020-10-24,说得好q
2020-10-24,保护
2020-10-24,保护
2020-10-24,保护
2020-10-24,说得好！
2020-10-24,说得好！
2020-10-24,说得好！
2020-10-24,说得好！
2020-10-24,说得好！
2020-10-24,说得好！
2020-10-24,说得好！
2020-10-24,说得好！
2020-10-24,说得好！
2020-10-24,说得好！
2020-10-24,说得好！
2020-10-24,说得好！
2020-10-24,说得好！
2020-10-24,说得好！
2020-10-24,黄智贤黄智贤
2020-10-24,是我大中华同胞1
2020-10-24,保护刷屏！
2020-10-24,紧急状态一开我就是最流批的
2020-10-24,纽约州都救不了的川普
2020-10-24,这是友军
2020-10-24,说得好，测试谁有人性
2020-10-24,智贤姐的节目啊
2020-10-24,川普哈哈哈哈
2020-10-24,我的妈呀太明白了
2020-10-24,保护
2020-10-24,好
2020-10-24,向你求助然后还是倒向美国？
2020-10-24,美国泥菩萨过江了
2020-10-24,实践出真知，真的，唉
2020-10-24,小病菌转世界~
2020-10-24,日常拍美国马屁，真出事儿了心里明镜似的该找谁…
2020-10-24,妙啊
2020-10-24,牛逼
2020-10-24,送分题
2020-10-24,事实胜于雄辩
2020-10-24,很直观，可以
2020-10-24,红了
2020-10-24,没有
2020-10-24,因为他们自己顾不过来
2020-10-24,美国第一，MakeAmericaGreatAgain
2020-10-24,走向共和
2020-10-24,智贤姐最近沉迷于吃播
2020-10-24,赞同
2020-10-24,来自四川省的色郎姆值得你享受
2020-10-24,天下大同
2020-10-24,妙啊
2020-10-24,保护友军
2020-10-24,意大利说;老大哥，你把我的物资留下啊！！！
2020-10-24,妙啊
2020-10-24,战忽局工作出现重大纰漏
2020-10-24,这就是我们川建国同志的任务！
2020-10-24,保护
2020-10-24,病毒:我最公平
2020-10-24,什么叫国际大国啊(战术后仰
2020-10-24,友军!是友军!
2020-10-24,友军!是友军
2020-10-24,听自己人而不是外国人夸自己，我就舒坦了
2020-10-24,求也没用，不信去试
2020-10-24,保护
2020-10-24,想分裂自己国家的人才会一直去找美国
2020-10-24,我不做大哥好多年
2020-10-24,什么叫好什么叫坏啊？
2020-10-24,人类命运共同体
2020-10-24,保护
2020-10-24,保护，自己人
2020-10-24,句句实话
2020-10-24,说的对
2020-10-24,保护
2020-10-24,保护
2020-10-24,没人别我更了解
2020-10-24,说的好
2020-10-24,因为欠钱都是祖宗
2020-10-24,友军啊
2020-10-24,保护
2020-10-24,保护
2020-10-24,←听听你自己的话...能不能维持不就是好不好吗..看的是衡量的标准
2020-10-24,？？？
2020-10-24,哈哈哈哈哈哈哈哈哈哈哈哈哈哈或或或或或
2020-10-24,保护
2020-10-24,lyq不要吃鸡了
2020-10-24,明白人
2020-10-24,保护
2020-10-24,川普表示我不听我不听我不听
2020-10-24,保护
2020-10-24,这种老先生越来越少了，他们一去就完了
2020-10-24,供的好
2020-10-24,叶问打拳是亲大陆的
2020-10-24,是骡子是马拉出来遛遛
2020-10-24,啥呀，我工作白做了—战忽局底层员工
2020-10-24,瞎说大实话
2020-10-24,经疫知否泰
2020-10-24,智贤姐节目的嘉宾基本上都是明白人
2020-10-24,是个明白人
2020-10-24,保护
2020-10-24,真在思考的人呀
2020-10-24,判断真理和真性情，就是听其言观其行。如何美化雄辩都是遮蔽一时
2020-10-24,这个是不是阴阳人
2020-10-24,加油小心小人
2020-10-24,川普哈哈哈
2020-10-24,感谢祖国
2020-10-24,过了过了
2020-10-24,保护
2020-10-24,我认为战忽局工作做不到位，此人知道的太多了
2020-10-24,夜问
2020-10-24,节目名称：黄智贤---夜问
2020-10-24,打仗喊我救人算了
2020-10-24,哇，他普通话好好哦
2020-10-24,对哦，这也是场战役。各国都在和病毒战斗，你是选择保护自己的人民还是放弃人民的生命
2020-10-24,他不是不想做他是做不到
2020-10-24,老大哥还指望你们帮忙呢
2020-10-24,中国，稳住，别浪
2020-10-24,夜问打权不是停了吗？
2020-10-24,只有永远的利益啦～
2020-10-24,暗杀名单
2020-10-24,开始了开始了，确实是砖家该说的话。
2020-10-24,谁说没人找，只是找了美国自顾不暇
2020-10-24,虽然病毒也死了人，但是比战争死的少
2020-10-24,战忽局在吗？
2020-10-24,这个节目叫叶问，主持人是黄智贤
2020-10-24,没有白嫖的记住国家的智慧高着呢
2020-10-24,大实话
2020-10-24,乱世彰显国力
2020-10-24,这个台湾人站位还是可以的
2020-10-24,实践是检验真理的唯一标准
2020-10-24,前面那个说各有所长的你是认真的吗？
2020-10-24,你这样让战忽局同志怎么开展工作？！
2020-10-24,荷兰想都别想
2020-10-24,这个说法很新奇啊
2020-10-24,我要这币有啥用
2020-10-24,我要这币有何用
2020-10-24,战忽局呢！出来干活了！
2020-10-24,建国同志也有自己的难处
2020-10-24,保护保护
2020-10-24,优秀
2020-10-24,说的真好
2020-10-24,强制防疫，美国估计要发生枪战了
2020-10-24,资本主义什么嘴脸你心里没点数？
2020-10-24,好活，当赏
2020-10-24,美国都自身难保了么
2020-10-24,好
2020-10-24,保护
2020-10-24,川普同志，保重身体
2020-10-24,大。。。。大。。。。大佬
2020-10-24,说得对
2020-10-24,那可以回归了
2020-10-24,川普是个商人啊……川普怎么会这些
2020-10-24,美国靠不住嘛
2020-10-24,病毒：我真不是这想法
2020-10-24,明白人
2020-10-24,河南也发出求援
2020-10-24,这不是金政委的原话么
2020-10-24,川普：啥？我家股票又熔断啦！！
2020-10-24,川普：我不听，我是对的
2020-10-24,保护
2020-10-24,保护我方
2020-10-24,大哥有大哥样子嘛
2020-10-24,敬畏自然
2020-10-24,大自然厉害
2020-10-24,老大哥军火多
2020-10-24,我们的福建人
2020-10-24,我们的福建人
2020-10-24,党和国家始终把人民的生命安全放在首位的。
2020-10-24,说得好
2020-10-24,因为他们的命脉在美国手上，有哪个国家希望永远做别人的傀儡。没有但是没有办法
2020-10-24,美国优先，病毒终于稳了，哈哈哈哈
2020-10-24,保护我方输出
2020-10-24,美国连自己各州都不管
2020-10-24,这是川普的诡计，哈哈哈哈
2020-10-24,不能留
2020-10-24,祖国万岁
2020-10-24,应该有吧
2020-10-24,奥巴马在就好了。
2020-10-24,说的真好
2020-10-24,川普哈哈哈哈哈哈
2020-10-24,特朗普，没有人比我更懂疫情
2020-10-24,他还知道川普，哈哈哈哈嘎
2020-10-24,实践是检验真理的唯一标准！！！！
2020-10-24,瞎说什么大实话
2020-10-24,百年战忽，毁于一旦
2020-10-24,自顾不暇
2020-10-24,呼吸机
2020-10-24,但是感觉中国好亏啊
2020-10-24,你都讲出来，以前的战忽都白做了
2020-10-24,美国自身难保
2020-10-24,马克思的说实践出真理
2020-10-24,蓝派名嘴还有
2020-10-24,优秀
2020-10-24,表示我们河南没有求助
2020-10-24,保护
2020-10-24,这个川普就很灵性
2020-10-24,说得好！哈哈哈哈哈哈哈哈哈
2020-10-24,中国是冤大头呗
2020-10-24,人jian自有天收
2020-10-24,两镇里
2020-10-24,明白人
2020-10-24,实践是检验真理的唯一标准
2020-10-24,美国现在状况还救的了别人？
2020-10-24,说的太好了
2020-10-24,前面的老哥，我们中国不是包子，只是一直信奉和平相处而已
2020-10-24,因为他们特靠谱
2020-10-24,川普这操作难道是学乾隆?
2020-10-24,你知道得太多了
2020-10-24,修斯底德陷阱是说新崛起大国必将挑战原有大国，带来灾难
2020-10-24,怕被老大哥啃吧哈哈
2020-10-24,保护
2020-10-24,优秀
2020-10-24,保护
2020-10-24,保护保护保护
2020-10-24,找美国，人家会理你吗
2020-10-24,哈哈哈哈好
2020-10-24,哈哈哈哈哈哈
2020-10-24,这人肯定和曾先生是好友
2020-10-24,战忽局人呢?
2020-10-24,有理
2020-10-24,精辟
2020-10-24,wv5;dc
2020-10-24,美国现在大概就是清朝中后期吧
2020-10-24,事实胜于雄辩
2020-10-24,保护
2020-10-24,"这才是专家该说的话，那些""专家“说的都是什么gp？"
2020-10-24,你说得对
2020-10-24,大变局
2020-10-24,保护
2020-10-24,被你发现了
2020-10-24,老特朗普其实真的可能命不久矣怎么办？？？我想看………
2020-10-24,懂太多了
2020-10-24,战忽局：危！
2020-10-24,老大老二，原来我已经是老大了
2020-10-24,这次美国真的做不到，有力使不出
2020-10-24,美国连自己的纽约州都救不了
2020-10-24,保护
2020-10-24,保护
2020-10-24,保护
2020-10-24,大便局？
2020-10-24,妙啊
2020-10-24,保护
2020-10-24,荷兰光刻机想办法卖给中国先
2020-10-24,是个明白人
2020-10-24,支持你
2020-10-24,说的好
2020-10-24,世界工厂在中国找美国没用啊
2020-10-24,冤大头
2020-10-24,保护
2020-10-24,没错
2020-10-24,川普：没有什么好怕的，因为我来啦！
2020-10-24,叶老师
2020-10-24,不是制度的问题，是价值观的问题，尽嘴炮
2020-10-24,推特治国
2020-10-24,友军，实锤
2020-10-24,保护
2020-10-24,因为美国优先啊
2020-10-24,死的人呢
2020-10-24,我是中国人，我骄傲
2020-10-24,你币有了
2020-10-24,有个法老王
2020-10-24,这不是制度，是人品问题
2020-10-24,夜问打权
2020-10-24,哈哈哈哈
2020-10-24,川普~
2020-10-24,说的太好了
2020-10-24,妙啊
2020-10-24,马上分享
2020-10-24,保护
2020-10-24,保护
2020-10-24,叶问打拳？
2020-10-24,美国：我不抢你们的就不错了
2020-10-24,不光是制度，还有文化。
2020-10-24,11111
2020-10-24,讲得好
2020-10-24,讲得好
2020-10-24,讲的好
2020-10-24,赞
2020-10-24,保护
2020-10-24,说的好
2020-10-24,中国np
2020-10-24,中国np
2020-10-24,只是因为我们有口罩而已
2020-10-24,此人是明白人不能留
2020-10-24,此人是明白人得安排呀
2020-10-24,分裂分子整天宣扬反美，唯恐中美关系不乱，唯恐天下不乱！
2020-10-24,天花烂坠
2020-10-24,保护
2020-10-24,真实
2020-10-24,美国自身难保
2020-10-24,泰国把我们援助的口罩卖给美国人了
2020-10-24,此生无悔入华夏
2020-10-24,哈哈哈哈
2020-10-24,是
2020-10-24,不必！
2020-10-24,全球公务员考试
2020-10-24,真实
2020-10-24,患难见真章
2020-10-24,笑死我了
2020-10-24,high哈哈哈哈哈哈
2020-10-24,川普：我有工作就行
2020-10-24,什么叫好啊(战术后仰)
2020-10-24,哈哈哈哈哈哈
2020-10-24,河南发出求援
2020-10-24,癔症哈哈哈哈哈
2020-10-24,保护
2020-10-24,川普，哈哈哈哈哈
2020-10-24,川建国
2020-10-24,说得好！
2020-10-24,前方高能
2020-10-24,美国自己资源都不够
2020-10-24,川普干得漂亮
2020-10-24,实践是检验真理的唯一标准
2020-10-24,实践是检验真理的唯一途径
2020-10-24,患难见真情
2020-10-24,自己人
2020-10-24,从实际出发
2020-10-24,哈哈哈
2020-10-24,大自然的微妙
2020-10-24,说得好
2020-10-24,老大哥：没有人比我更懂人生
2020-10-24,保护
2020-10-24,刀枪不入
2020-10-24,中国大哥的历史常态
2020-10-24,老名嘴了
2020-10-24,保护
2020-10-24,确实厉害啊这个人，羡慕有文化的人！
2020-10-24,美国需要川普
2020-10-24,用事实说话
2020-10-24,因为美国自身难保，开始向全世界求援了
2020-10-24,美国第一
2020-10-24,不找麻烦就好了，还要去找麻烦
2020-10-24,美国是个只收钱的假大哥
2020-10-24,这话说得好
2020-10-24,荷兰？呵呵
2020-10-24,这个也要死很多人
2020-10-24,没事还一堆睁眼瞎就装嗯装
2020-10-24,时间是检验真理的唯一标准
2020-10-24,抽个青年大学习？？
2020-10-24,美国自身难保……
2020-10-24,爱我中华吧川建国
2020-10-24,确实是制度的原因，美国人并不比我们差
2020-10-24,夜问打权是友军
2020-10-24,战忽局的各位，该干活了
2020-10-24,川普，稳住，别浪，我们能赢
2020-10-24,这战忽局的吧
2020-10-24,保护
2020-10-24,推特治国
2020-10-24,说的太棒了!
2020-10-24,就怕援助过后，反过来还要骂中国人，继续和美国站队
2020-10-24,你帮我打他，中国不会打，你的东西给我点，美国不会给，所以和生病去医院，吃饭去饭馆，一个道理。
2020-10-24,借您吉言！！
2020-10-24,夜问打权真的是良心节目
2020-10-24,夜问打权！
2020-10-24,稳住别浪
2020-10-24,实践是检验真理的唯一标准
2020-10-24,大国担当
2020-10-24,哈哈哈哈哈哈哈哈哈哈哈哈
2020-10-24,中国是老大谢谢
2020-10-24,美国崇尚自由哈哈哈哈哈哈自由的得病吧哈哈哈哈
2020-10-24,哈哈哈哈哈哈美国弟弟
2020-10-24,厉害厉害
2020-10-24,保护，真理哥
2020-10-24,没有人比我更了解病毒
2020-10-24,川普：不检测就没有，我过没有感染的
2020-10-24,好了，下次节目不会请你了
2020-10-24,大自然：我是说在座的各位人类都是弟弟
2020-10-24,推特治国不是说说而已的
2020-10-24,美国佬：没拉你下水你偷笑了，还救援
2020-10-24,美国给人一种油头滑脑的感觉，不靠谱。。。
2020-10-24,因为美国已是朝不保夕，自身难保
2020-10-24,说的好
2020-10-24,天佑美国啊
2020-10-24,老大哥现在自身难保。。。
2020-10-24,荷兰拿光刻机来换就好了
2020-10-24,美国自身难保
2020-10-24,独立思考的人真的很厉害！
2020-10-24,台湾是自己的省！！！哪里需要战忽局呢！！！！
2020-10-24,你说了实话
2020-10-24,划重点人性！
2020-10-24,u1s1，qs
2020-10-24,祖国最好
2020-10-24,特没普
2020-10-24,哈哈哈哈角度清奇
2020-10-24,病毒是照妖镜，把人性显露无疑的展现出来了。
2020-10-24,川建国现在还在太空呢……
2020-10-24,病毒:病毒是大家的照妖镜！
2020-10-24,讲得好！
2020-10-24,残酷的资本家，川建国
2020-10-24,检测了也是阴性
2020-10-24,明白什么才叫做简单难度困难难度
2020-10-24,伟大的人道主义精神
2020-10-24,这个就神奇了呀不懂
2020-10-24,明白人
2020-10-24,保护
2020-10-24,真.名嘴
2020-10-24,美帝陨落就差一场疫情
2020-10-24,川普哈哈哈哈
2020-10-24,卧底吧老哥你
2020-10-24,保护
2020-10-24,霉国空气都比咱这甜哦
2020-10-24,特不靠谱别问，:甩锅就对了
2020-10-24,只能说美国是霸权国家，这样污蔑中国，现在当务之急是怎么内部防控和治疗，而不是口头战争
2020-10-24,霉国声援一级棒
2020-10-24,老大哥已经解体了，这个是校霸
2020-10-24,赞
2020-10-24,病毒：原来我只是一个工具人
2020-10-24,“老大哥”他自己不保
2020-10-24,一针见血
2020-10-24,哈哈哈哈哈哈哈哈哈哈哈
2020-10-24,真相了
2020-10-24,这条当地媒体会播吗？
2020-10-24,说得好
2020-10-24,所以只有我们中华文明没有断层，历史很清楚的说明了一切。
2020-10-24,说得好！！
2020-10-24,保护队友
2020-10-24,明末的党争是历史教训
2020-10-24,这个人还在吗
2020-10-24,美国。。。呵呵
2020-10-24,我倒希望祖国不要太善良了...
2020-10-24,制度优势
2020-10-24,推特治国啊
2020-10-24,赢了
2020-10-24,阴性
2020-10-24,超级同意！！！
2020-10-24,厉害厉害哦
2020-10-24,保护
2020-10-24,哈哈哈哈哈哈我要笑死了
2020-10-24,精辟
2020-10-24,没明白人
2020-10-24,保护
2020-10-24,推特治国
2020-10-24,推特治国
2020-10-24,美国不来打你就不错了
2020-10-24,好
2020-10-24,保护
2020-10-24,哈哈哈
2020-10-24,害怕
2020-10-24,有才
2020-10-24,害怕前来的每一个人
2020-10-24,美国人民返智了？
2020-10-24,楷裕凯智凯霖快来看看
2020-10-24,hhhhhhhhhhhhhhhhhhh
2020-10-24,恐怖
2020-10-24,连口型都不用对了
2020-10-24,害怕
2020-10-24,我也是
2020-10-24,哈哈哈
2020-10-24,泄洪
2020-10-24,害怕
2020-10-24,我回家可不要钱
2020-10-24,律师函警告
2020-10-24,害怕
2020-10-24,pokemonhome
2020-10-24,害怕
2020-10-24,大禹治水
2020-10-24,害怕
2020-10-24,哈哈哈哈哈哈哈哈哈哈
2020-10-24,我要抗洪
2020-10-24,这不自由
2020-10-24,回老家
2020-10-24,我要抗洪?哈哈
2020-10-24,太阴间了
2020-10-24,啊，这。老陈思诚了
2020-10-24,我要抗洪我要口红
2020-10-24,泄洪
2020-10-24,？
2020-10-24,害怕
2020-10-24,哈哈哈哈
2020-10-24,咒乐园既视感
2020-10-24,哪里看出来投自制？乱发弹幕有个限度ok？
2020-10-24,害怕
2020-10-24,害怕
2020-10-24,l4d2
2020-10-24,全部抬走
2020-10-24,我要抗洪？
2020-10-24,kingdomrush
2020-10-24,青铜时代，不要回应，不要回应
2020-10-24,害怕
2020-10-24,怎么就投自制了？上脑子沾点那啥
2020-10-24,怎么想投自制了？
2020-10-24,发应的候！
2020-10-24,害怕
2020-10-24,是不是太久没有工作经济困难了，如果真的是这样可以去找XZ维护版权。
2020-10-24,啊啊啊啊啊啊啊啊啊啊
2020-10-24,害怕
2020-10-24,丝得埃洪
2020-10-24,害怕
2020-10-24,死亡空间
2020-10-24,给爷轰
2020-10-24,劳资待家里
2020-10-24,我为什么要再晚上看这个视频
2020-10-24,为什么投自制？
2020-10-24,为什么投自制？
2020-10-24,害怕
2020-10-24,哈哈哈哈
2020-10-24,哈哈哈哈哈哈哈哈哈哈哈哈哈笑死
2020-10-24,害怕
2020-10-24,我要抗洪
2020-10-24,要变色了快跑
2020-10-24,害怕
2020-10-24,蓝蓝的天空银河里~
2020-10-24,我要抗洪
2020-10-24,泄洪
2020-10-24,哈哈哈哈哈
2020-10-24,投自制是迪士尼梗，律师函警告的意思
2020-10-24,哈哈哈哈哈哈哈哈哈哈哈哈哈哈哈
2020-10-24,小丑惊魂的bgm？
2020-10-24,害怕
2020-10-24,害怕
2020-10-24,害怕
2020-10-24,我要抗洪
2020-10-24,熬夜一样
2020-10-24,泄洪
2020-10-24,回家门票太贵
2020-10-24,害怕
2020-10-24,啊这…………
2020-10-24,什么鬼
2020-10-24,害怕
2020-10-24,害怕
2020-10-24,生化酒店
2020-10-24,寂静岭。。
2020-10-24,就这还开门营业，不能过一段时间吗？
2020-10-24,要扛洪？太感动了
2020-10-24,自制？
2020-10-24,为什么投自制？
2020-10-24,？？这是你自制的吗？？？
2020-10-24,汉语好评
2020-10-24,害怕
2020-10-24,射洪
2020-10-24,射洪
2020-10-24,可怕
2020-10-24,我要抗洪
2020-10-24,欢迎送死
2020-10-24,这是对病毒说的，大家散了吧
2020-10-24,不要回来，这里不是家
2020-10-24,害怕
2020-10-24,welcometothehell
2020-10-24,害怕
2020-10-24,别多管闲事，做好你自己，键盘侠我也会当
2020-10-24,我要抗洪
2020-10-24,害怕
2020-10-24,迪斯尼要被气死
2020-10-24,毫无违和感哈哈哈哈哈哈哈哈哈哈哈哈哈哈
2020-10-24,不敢去不敢去
2020-10-24,害怕哈哈哈哈哈
2020-10-24,生草，死亡空间
2020-10-24,唢呐在哪！
2020-10-24,黑人：大批订单来袭
2020-10-24,死亡空间-迪士尼分店
2020-10-24,死亡空间～
2020-10-24,阴乐版：小星星
2020-10-24,别来，莫挨老子，老子害怕
2020-10-24,san值狂掉
2020-10-24,stayathole
2020-10-24,哈哈哈
2020-10-24,辐射3
2020-10-24,掏钱才能回家
2020-10-24,哈哈哈哈哈哈哈哈哈哈哈哈
2020-10-24,我要抗洪哈哈哈哈哈哈
2020-10-24,不要返航，这里不是家！
2020-10-24,达斯米奇
2020-10-24,看字幕就知道这国外是中国
2020-10-24,害怕
2020-10-24,秀
2020-10-24,回家还要买票。。。？
2020-10-24,现在说是家，真回去了还要门票。
2020-10-24,不要返航，这里不是家。
2020-10-24,不要返回，这里不是家
2020-10-24,我要抗洪！！
2020-10-24,stayasshole
2020-10-24,害怕
2020-10-24,卧槽好恐怖
2020-10-24,up做字幕就是自制啊
2020-10-24,我回家不要门票'！
2020-10-24,害怕
2020-10-24,负责任
2020-10-24,有字幕剪辑投自制没问题吧……
2020-10-24,↑字幕加剪辑其实自制没太大问题……
2020-10-24,害怕
2020-10-24,我要gohome
2020-10-24,害怕
2020-10-24,害怕
2020-10-24,害怕
2020-10-24,害怕
2020-10-24,6666
2020-10-24,我有坑号
2020-10-24,哈哈
2020-10-24,害怕
2020-10-24,死亡空间
2020-10-24,害怕
2020-10-24,害怕害怕害怕
2020-10-24,害怕
2020-10-24,？
2020-10-24,开弹幕
2020-10-24,小丑
2020-10-24,滚回家
2020-10-24,高考加油！累了困了喝东鹏特饮！
2020-10-24,高考加油！累了困了喝东鹏特饮！
2020-10-24,我爱Hongkong
2020-10-24,阴间特效
2020-10-24,死亡空间
2020-10-24,我要抗洪
2020-10-24,害怕
2020-10-24,没毛病
2020-10-24,回不去了哈哈哈哈
2020-10-24,害怕
2020-10-24,我要抗洪
2020-10-24,害怕
2020-10-24,好恐怖
2020-10-24,害怕
2020-10-24,抗洪泄洪的笑死我了
2020-10-24,害怕
2020-10-24,卧槽
2020-10-24,害怕
2020-10-24,哈哈哈哈
2020-10-24,哈哈哈哈哈哈哈哈哈哈哈哈哈哈哈哈哈哈哈哈哈哈哈哈哈哈
2020-10-24,我要抗洪
2020-10-24,我拒绝
2020-10-24,为什么投自制？
2020-10-24,害怕
2020-10-24,害怕
2020-10-24,我回家还要买票？
2020-10-24,害怕
2020-10-24,美国恐怖故事
2020-10-24,逐渐阴间
2020-10-24,害怕
2020-10-24,害怕
2020-10-24,Bgm事小星星
2020-10-24,死待家
2020-10-24,我要抗洪
2020-10-24,思得恩厚
2020-10-24,害怕
2020-10-24,射洪
2020-10-24,风评被救，可惜
2020-10-24,这气质，拿捏的死死的
2020-10-24,害怕
2020-10-24,可怕
2020-10-24,害怕
2020-10-24,死亡空间啊
2020-10-24,哈哈哈
2020-10-24,哈哈哈哈哈哈哈哈哈
2020-10-24,哈哈哈哈哈哈哈
2020-10-24,害怕
2020-10-24,米奇为什么不带口罩
2020-10-24,害怕
2020-10-24,小白船上!
2020-10-24,老干妈好
2020-10-24,中文版的话就得播小白船
2020-10-24,"Welcome,FOOL!"
2020-10-24,"Welcome,hole"
2020-10-24,Welcomehole!
2020-10-24,我觉得瘟疫公司的bgm绝配
2020-10-24,"Welcome,hole!"
2020-10-24,害怕呀
2020-10-24,害怕
2020-10-24,我要抗洪
2020-10-24,哈哈哈哈哈哈
2020-10-24,哈哈哈哈哈哈
2020-10-24,害怕
2020-10-24,弹幕护体
2020-10-24,啊啊啊啊啊啊啊啊啊
2020-10-24,啊哈哈哈哈哈哈哈
2020-10-24,啊哈哈哈哈哈哈哈哈哈
2020-10-24,哈哈哈哈
2020-10-24,完了
2020-10-24,哈哈哈哈哈哈哈
2020-10-24,害怕
2020-10-24,因为翻译了
2020-10-24,我要抗洪
2020-10-24,哈哈哈哈哈
2020-10-24,小星星
2020-10-24,害怕
2020-10-24,哈哈哈哈哈哈哈哈哈哈哈哈
2020-10-24,弗兰迪
2020-10-24,米奇奥利给屋开启，快进来非常好玩
2020-10-24,奥利给妙妙屋
2020-10-24,害怕
2020-10-24,哈哈哈哈
2020-10-24,这个才叫负责任
2020-10-24,真的是迪士尼也变味了
2020-10-24,沃日
2020-10-24,害怕
2020-10-24,我要抗洪
2020-10-24,投自制？
2020-10-24,泄洪
2020-10-24,我要抗洪
2020-10-24,害怕
2020-10-24,哈哈哈哈
2020-10-24,？？
2020-10-24,哈哈哈哈哈哈
2020-10-24,害怕
2020-10-24,死亡空间
2020-10-24,石村号
2020-10-24,死亡空间
2020-10-24,害怕
2020-10-24,害怕
2020-10-24,我感冒
2020-10-24,我刚刚好
2020-10-24,我感冒
2020-10-24,死亡空间
2020-10-24,论bgm的重要性哦
2020-10-24,害怕
2020-10-24,哈哈哈哈哈哈哈哈哈哈哈
2020-10-24,哈哈哈哈哈哈哈哈哈哈哈
2020-10-24,好活
2020-10-24,好活
2020-10-24,哈哈哈哈哈哈哈哈哈哈哈哈哈哈哈哈哈哈哈哈哈哈哈哈哈哈哈哈哈哈哈
2020-10-24,哈哈哈哈哈哈哈哈哈哈哈哈哈哈哈哈
2020-10-24,哈哈哈哈哈哈哈哈哈哈哈哈哈哈哈哈哈哈哈哈哈
2020-10-24,泄洪
2020-10-24,我要抗洪
2020-10-24,pokemon（幻听）
2020-10-24,这里不是家
2020-10-24,害怕
2020-10-24,能不能整点杨戬
2020-10-24,心脏骤停
2020-10-24,害怕
2020-10-24,害怕
2020-10-24,史丹利哈哈哈哈哈哈哈哈xswl
2020-10-24,有内味了
2020-10-24,泄洪
2020-10-24,害怕
2020-10-24,西半球最强法务即将抵达战场
2020-10-24,穷哈
2020-10-24,就这
2020-10-24,完全忘记原版什么样。。
2020-10-24,死亡空间
2020-10-24,？？？
2020-10-24,害怕
2020-10-24,这绝对不是美国。一点都不自由人人戴口罩
2020-10-24,我要口红的笑死
2020-10-24,害怕
2020-10-24,害怕
2020-10-24,害怕
2020-10-24,黑色星期五
2020-10-24,害怕
2020-10-24,为什么投自制？
2020-10-24,为什么投自制？
2020-10-24,为什么投自制？
2020-10-24,为什么投自制？
2020-10-24,为什么投自制？
2020-10-24,干嘛透自制？
2020-10-24,我要抗洪
2020-10-24,害怕
2020-10-24,哈哈哈哈
2020-10-24,哈哈哈哈
2020-10-24,几百万确诊还开
2020-10-24,死耶洪
2020-10-24,回家还要付门票我还是头一次见
2020-10-24,害怕
2020-10-24,害怕
2020-10-24,逐渐恐怖
2020-10-24,害怕
2020-10-24,哈哈哈哈哈哈哈哈
2020-10-24,哈哈哈哈哈哈哈哈
2020-10-24,哈哈哈
2020-10-24,我回家还要钱？？？
2020-10-24,害怕
2020-10-24,我要抗洪
2020-10-24,小白船
2020-10-24,害怕
2020-10-24,好好在家呆着
2020-10-24,口罩？？？
2020-10-24,最强法务部
2020-10-24,害怕
2020-10-24,害怕
2020-10-24,害怕害怕
2020-10-24,上海开始放烟花了，想去又怕被隔离
2020-10-24,谢爷好
2020-10-24,害怕
2020-10-24,害怕
2020-10-24,想起尼尔机械纪元的游乐园……
2020-10-24,阿巴阿巴
2020-10-24,卧槽无情
2020-10-24,快看热评！
2020-10-24,配合评论看效果更佳
2020-10-24,害怕
2020-10-24,死athome
2020-10-24,哈哈哈哈哈哈哈
2020-10-24,人才
2020-10-24,字正腔圆的泄洪
2020-10-24,泄洪
2020-10-24,害怕
2020-10-24,直接就不说话了！
2020-10-24,我这3点呢
2020-10-24,抗洪大队
2020-10-24,这都能开工？？？
2020-10-24,网友正是人才
2020-10-24,哈哈哈哈哈哈
2020-10-24,我要口红
2020-10-24,BGM是啥？
2020-10-24,为什么回家要买票
2020-10-24,我家在医院？？
2020-10-24,？？？
2020-10-24,Welcomebacktothecovid19center
2020-10-24,律师团已启动
2020-10-24,泄洪
2020-10-24,我要抗洪
2020-10-24,wellcumhomo
2020-10-24,这个国外网友是哪个“国外”
2020-10-24,前方高能
2020-10-24,我要抗洪
2020-10-24,我要箜篌
2020-10-24,哈哈哈哈哈哈
2020-10-24,我要抗洪
2020-10-24,做得好
2020-10-24,害怕
2020-10-24,害怕
2020-10-24,害怕
2020-10-24,害怕
2020-10-24,害怕
2020-10-24,害怕
2020-10-24,死亡空间的BGM
2020-10-24,诡异
2020-10-24,我要看韩红
2020-10-24,我看韩红
2020-10-24,律师函警告
2020-10-24,害怕
2020-10-24,hhhhhh
2020-10-24,害怕
2020-10-24,谁也吼嘛
2020-10-24,我要抗洪
2020-10-24,哈哈哈哈哈哈哈哈
2020-10-24,害怕
2020-10-24,感觉是故意的
2020-10-24,别抗洪了
2020-10-24,失乐园
2020-10-24,失乐园
2020-10-24,失乐园
2020-10-24,我要抗洪
2020-10-24,233333
2020-10-24,害怕
2020-10-24,阴间宣传
2020-10-24,我要抗洪
2020-10-24,我要抗洪
2020-10-24,哈哈哈哈哈哈哈
2020-10-24,害怕
2020-10-24,害怕
2020-10-24,我要抗洪
2020-10-24,害怕
2020-10-24,重返石村号，雾
2020-10-24,我要抗洪
2020-10-24,抗洪抢险，义不容辞
2020-10-24,抗洪抢险，义不容辞
2020-10-24,史丹利复合肥
2020-10-24,66666
2020-10-24,害怕
2020-10-24,哈哈哈哈我要抗洪
2020-10-24,害怕。
2020-10-24,害怕
2020-10-24,死亡空间草，太恐怖了
2020-10-24,真香
2020-10-24,被吓出鸡皮疙瘩
2020-10-24,梦幻王国
2020-10-24,？？？
2020-10-24,害怕
2020-10-24,史丹利
2020-10-24,害怕
2020-10-24,恐怖如斯
2020-10-24,恐怖如斯
2020-10-24,欢迎来到……躺好
2020-10-24,还没到剪的那里你们就笑了。。
2020-10-24,泄洪
2020-10-24,泄洪
2020-10-24,我要抗洪
2020-10-24,恐怖片
2020-10-24,害怕
2020-10-24,？？？
2020-10-24,卧槽这个刺激
2020-10-24,害怕
2020-10-24,害怕
2020-10-24,我要抗洪
2020-10-24,求BGM
2020-10-24,我要抗洪
2020-10-24,哈哈哈哈哈哈哈哈哈哈
2020-10-24,害怕
2020-10-24,是死亡空间
2020-10-24,我要抗洪
2020-10-24,不是自由不带口罩吗
2020-10-24,这么直接的吗2333
2020-10-24,害怕
2020-10-24,论bgm的重要性
2020-10-24,草哈哈哈哈哈哈哈哈哈哈哈
2020-10-24,害怕
2020-10-24,？
2020-10-24,迪士尼宇宙最强法务部已经准备就绪
2020-10-24,弹幕护体
2020-10-24,阵亡者名单
2020-10-24,这好像生化7
2020-10-24,可爱可爱可爱可爱
2020-10-24,害怕
2020-10-24,泄洪
2020-10-24,哈哈哈哈哈哈哈哈哈哈哈哈
2020-10-24,害怕
2020-10-24,哈哈哈哈哈哈哈哈哈哈哈哈哈哈哈
2020-10-24,就这。
2020-10-24,泄洪
2020-10-24,我要抗洪
2020-10-24,哈哈哈哈哈哈哈哈
2020-10-24,哈哈哈哈哈哈哈哈
2020-10-24,是大洪
2020-10-24,我要抗洪
2020-10-24,阴间视频
2020-10-24,哈哈哈哈哈哈哈
2020-10-24,牛逼
2020-10-24,这个音乐
2020-10-24,害怕
2020-10-24,害怕
2020-10-24,死亡空间
2020-10-24,死亡空间。。
2020-10-24,我要抗洪
2020-10-24,怎么有种美国恐怖片的味儿
2020-10-24,抗洪你真是个人才
2020-10-24,你进家要门票
2020-10-24,害怕
2020-10-24,千年隼，却是是方形的ep7雷达
2020-10-24,BIODISNEY
2020-10-24,抗洪
2020-10-24,我要抗洪
2020-10-24,害怕
2020-10-24,哈哈哈哈哈哈哈
2020-10-24,哈哈哈哈哈
2020-10-24,我要抗洪
2020-10-24,死亡空间把我炸出来了的
2020-10-24,赛艾猴木
2020-10-24,哈哈哈哈哈哈哈哈哈哈哈哈哈哈哈
2020-10-24,Ican'tbreathe
2020-10-24,我回家为什么要花钱
2020-10-24,害怕
2020-10-24,小丑还魂
2020-10-24,害怕
2020-10-24,我回家不收费的
2020-10-24,BGM改成小白船就更美妙了
2020-10-24,你也抗洪？
2020-10-24,害怕
